47 98
OR 21 23 48
AND 24 21 49
AND 2 35 14 7 50
OR 22 11 41 35 51
AND 27 27 28 10 33 52
NOT 36 53
NOT 37 54
NOT 54 55
OR 8 38 16 14 56
AND 49 46 38 48 57
AND 39 30 42 58
OR 23 30 25 59
AND 58 9 11 23 14 60
OR 45 58 60 48 11 61
NOT 49 62
NOT 44 63
OR 13 10 64
AND 31 20 65
NOT 56 66
OR 39 11 26 67
OR 21 46 15 27 68
OR 34 25 69
NOT 60 70
AND 18 40 20 71
AND 1 24 72
AND 26 69 26 73
NOT 16 74
NOT 68 75
AND 10 43 23 26 58 76
NOT 68 77
NOT 63 78
AND 44 35 40 64 79
NOT 49 80
NOT 36 81
NOT 2 82
OR 12 17 39 74 60 83
NOT 8 84
AND 19 62 24 3 50 85
NOT 4 86
NOT 67 87
NOT 56 88
AND 10 36 89
OR 10 6 90
AND 57 5 51 33 30 91
OR 91 31 86 75 84 92
NOT 5 93
AND 24 45 84 30 94
NOT 41 95
NOT 87 96
OR 16 30 33 20 15 97
OR 4 29 32 37 47 52 53 54 55 56 59 61 63 65 66 67 68 70 71 72 73 76 77 78 79 80 81 82 83 85 87 88 89 90 92 93 94 95 96 97 98
