28 59
AND 15 15 3 21 28 29
OR 10 10 8 30
AND 6 26 1 31
AND 31 7 9 32
AND 9 5 8 10 26 33
NOT 5 34
AND 3 1 35
NOT 13 36
OR 17 10 35 35 37
NOT 36 38
OR 5 3 17 28 29 39
AND 36 29 17 12 40
NOT 19 41
OR 36 38 42
OR 18 25 43
NOT 15 44
NOT 25 45
NOT 22 46
AND 27 22 47
AND 9 34 44 10 28 48
OR 3 1 45 9 49
NOT 9 50
AND 27 24 51
AND 15 33 42 52
NOT 24 53
OR 6 12 20 35 26 54
OR 50 11 42 9 22 55
OR 24 54 43 19 31 56
OR 18 19 57
OR 28 31 58
OR 2 4 13 14 16 23 30 32 37 39 40 41 46 47 48 49 51 52 53 55 56 57 58 59
