33 69
OR 16 18 34
NOT 4 35
NOT 27 36
AND 31 10 20 16 22 37
NOT 24 38
OR 9 8 10 5 39
AND 37 35 30 10 7 40
NOT 11 41
OR 18 15 3 42
AND 13 17 43
NOT 38 44
OR 28 42 44 1 36 45
AND 30 13 17 46
AND 19 20 31 47
AND 42 16 12 48
AND 20 2 35 35 6 49
NOT 37 50
OR 14 42 11 9 14 51
NOT 46 52
NOT 26 53
NOT 27 54
OR 41 45 52 55
AND 20 14 26 52 39 56
OR 16 39 49 16 57
NOT 31 58
AND 5 17 56 59
AND 54 33 47 19 60
NOT 23 61
OR 5 40 38 62
OR 46 21 27 53 26 63
OR 10 21 36 64
AND 55 51 33 40 65
OR 57 45 33 28 66
AND 52 12 28 67
OR 49 67 44 1 39 68
AND 4 23 24 25 29 32 34 43 48 50 58 59 60 61 62 63 64 65 66 68 69
