45 92
AND 43 12 11 43 46
NOT 16 47
OR 17 34 31 48
NOT 20 49
NOT 19 50
OR 23 42 13 6 15 51
OR 29 43 34 41 13 52
NOT 25 53
AND 11 18 23 54
AND 49 54 54 55
AND 37 43 55 56
NOT 55 57
NOT 4 58
NOT 33 59
OR 16 1 51 22 60
AND 31 19 2 17 58 61
NOT 35 62
NOT 57 63
OR 3 43 64
NOT 41 65
AND 62 51 53 64 60 66
AND 59 29 67
OR 6 12 68
NOT 33 69
AND 24 37 69 43 39 70
OR 51 61 16 20 71
OR 68 38 5 2 33 72
AND 15 46 73
OR 30 29 44 66 74
NOT 2 75
NOT 57 76
AND 40 59 1 77
OR 26 32 47 78
AND 58 23 55 73 79
NOT 26 80
NOT 1 81
AND 56 66 12 20 82
OR 47 18 75 35 38 83
OR 80 8 45 81 53 84
OR 2 33 85
AND 54 69 56 81 19 86
AND 25 45 83 66 87
AND 81 65 45 88
NOT 8 89
NOT 89 90
NOT 42 91
OR 4 7 9 10 14 21 27 28 36 48 50 52 57 63 67 70 71 72 74 76 77 78 79 82 84 85 86 87 88 89 90 91 92
