32 68
AND 12 16 33
OR 10 26 30 34
NOT 28 35
OR 16 17 20 36
NOT 31 37
AND 35 26 22 13 11 38
NOT 7 39
OR 37 20 7 28 37 40
AND 17 23 21 19 41
NOT 23 42
OR 40 30 43
OR 33 30 25 25 38 44
OR 41 32 17 31 7 45
AND 42 33 46
OR 21 23 22 47
AND 37 10 35 12 36 48
OR 4 14 49
OR 9 35 6 12 50
OR 13 36 14 10 5 51
NOT 2 52
OR 50 39 11 53
AND 18 16 6 23 54
OR 27 32 40 30 51 55
AND 2 44 56
AND 42 13 52 53 39 57
OR 13 51 18 54 58
OR 45 47 21 52 59
AND 55 54 60
NOT 6 61
AND 20 14 49 14 15 62
AND 20 8 63
NOT 15 64
AND 46 13 15 23 65
OR 12 40 35 63 66
OR 23 16 67
AND 1 3 24 29 34 43 48 56 57 58 59 60 61 62 64 65 66 67 68
