49 99
AND 33 11 19 2 20 50
AND 22 27 22 48 51
NOT 18 52
NOT 24 53
AND 43 48 54
NOT 20 55
AND 8 10 21 56
NOT 52 57
OR 46 49 5 58
OR 43 9 59
AND 30 32 44 24 45 60
OR 14 33 61
OR 56 50 1 39 62
OR 62 53 57 63
NOT 1 64
AND 12 17 65
NOT 29 66
OR 3 50 38 55 22 67
AND 37 26 18 22 44 68
NOT 27 69
OR 58 46 24 35 70
OR 56 20 71
NOT 2 72
NOT 55 73
AND 31 55 74
NOT 34 75
AND 44 73 75 39 76
AND 55 17 77
OR 2 66 78
OR 74 26 79
OR 76 24 12 45 80
AND 12 14 69 81
AND 57 32 82
AND 13 80 37 83
NOT 12 84
NOT 38 85
AND 66 39 13 86
OR 24 33 30 74 27 87
NOT 24 88
AND 60 45 3 89
AND 86 19 90
OR 3 52 78 23 81 91
AND 17 68 92
AND 69 86 28 7 93
OR 12 29 86 2 94
OR 71 86 69 83 12 95
NOT 40 96
AND 24 5 50 97
NOT 41 98
OR 4 6 15 16 25 34 36 40 41 42 47 51 54 59 61 63 64 65 67 70 72 77 79 82 84 85 87 88 89 90 91 92 93 94 95 96 97 98 99
