44 93
NOT 21 45
NOT 26 46
AND 26 22 47
AND 40 10 42 48
NOT 47 49
OR 5 44 50
AND 45 27 51
AND 27 42 44 52
OR 26 48 28 53
OR 31 3 27 11 54
OR 38 41 27 29 12 55
AND 44 8 8 14 56
NOT 13 57
OR 30 22 43 58
OR 53 52 12 53 59
AND 42 23 32 60
OR 11 54 24 10 61
NOT 12 62
NOT 52 63
AND 6 43 64
NOT 50 65
NOT 38 66
OR 22 48 16 44 51 67
OR 62 54 68
NOT 37 69
AND 69 17 18 70
AND 21 67 15 57 71
AND 38 63 7 34 21 72
NOT 13 73
OR 29 3 55 33 18 74
AND 52 12 5 40 75
AND 68 55 33 34 62 76
NOT 53 77
NOT 2 78
NOT 76 79
NOT 65 80
OR 44 44 75 81
OR 22 52 37 82
NOT 40 83
AND 43 80 15 84
AND 76 15 33 68 41 85
AND 66 58 86
AND 73 74 74 87
AND 84 2 84 88
AND 42 86 89
AND 29 27 45 75 90
AND 65 84 73 23 63 91
OR 24 9 31 13 92
AND 1 4 19 20 25 35 36 39 46 47 49 50 56 59 60 61 64 70 71 72 77 78 79 81 82 83 85 87 88 89 90 91 92 93
