42 88
OR 35 36 39 25 17 43
OR 21 3 40 29 37 44
NOT 7 45
AND 35 18 46
OR 6 21 29 36 21 47
OR 33 44 47 12 48
AND 14 8 19 49
NOT 4 50
NOT 3 51
AND 40 6 52
AND 4 9 2 38 53
OR 47 32 28 54
OR 36 13 7 55
OR 27 45 56
OR 24 55 5 27 57
AND 12 23 57 58
NOT 30 59
AND 23 47 60
NOT 21 61
NOT 8 62
AND 46 52 17 63
AND 17 4 54 31 64
OR 59 1 8 65
NOT 2 66
AND 60 40 55 20 67
OR 66 28 39 68
NOT 3 69
NOT 21 70
AND 66 52 71
OR 3 33 15 5 72
NOT 35 73
OR 48 72 45 66 52 74
OR 34 32 48 75
NOT 70 76
AND 26 43 62 32 72 77
AND 46 73 26 6 78
NOT 9 79
NOT 5 80
OR 32 30 72 81
NOT 59 82
AND 29 5 30 46 76 83
NOT 22 84
OR 40 75 85
OR 75 73 86
AND 23 81 5 42 7 87
OR 10 11 16 22 41 49 50 51 53 56 58 61 63 64 65 67 68 69 70 71 74 77 78 79 80 82 83 84 85 86 87 88
