32 68
NOT 3 33
AND 11 33 34
OR 20 3 14 35
NOT 2 36
OR 17 19 37
OR 22 31 15 29 38
AND 13 33 4 15 29 39
OR 21 36 31 32 40
OR 17 33 36 41
OR 3 1 42
NOT 21 43
AND 6 15 1 6 44
OR 11 37 12 45
OR 14 43 5 46
OR 42 8 19 2 39 47
NOT 11 48
NOT 47 49
AND 32 41 15 50
AND 28 15 25 51
OR 21 31 19 33 49 52
NOT 27 53
OR 23 50 54
NOT 26 55
OR 39 54 2 40 56
AND 30 54 50 9 57
NOT 20 58
NOT 45 59
AND 15 42 35 60
AND 37 52 31 18 34 61
OR 25 14 14 62
NOT 15 63
AND 38 46 13 41 28 64
NOT 20 65
NOT 65 66
AND 8 60 67
AND 7 10 16 24 26 27 44 45 47 48 51 53 55 56 57 58 59 61 62 63 64 65 66 67 68
